../../data/ukp/corepb.ukp
0.00162974
0.00159971
0.00157621
0.00158244
0.00160448
0.0016661
0.0015579
0.0015579
0.00155194
0.00155706

../../data/ukp/exnsd16.ukp
0.000113345
0.000107756
0.000104666
0.000104442
0.000123964
0.000102518
0.000101667
0.000101916
0.000125367
0.000100565

../../data/ukp/exnsd18.ukp
0.000114902
0.000110515
0.000107649
0.000106505
0.000104924
0.000104319
0.000103738
0.00010395
0.000102197
0.000101932

../../data/ukp/exnsd20.ukp
0.000110448
0.00010714
0.000117904
0.000110342
0.000108045
0.000106909
0.00010723
0.00010643
0.000105491
0.00010533

../../data/ukp/exnsd26.ukp
0.000112315
0.000107769
0.000105797
0.000104468
0.000102923
0.000101877
0.000101851
0.000100832
0.000101044
0.000100232

../../data/ukp/exnsdbis10.ukp
0.000109348
0.000105827
0.000103391
0.000101792
0.000100761
9.9674e-05
9.907e-05
9.934e-05
9.7566e-05
9.7973e-05

../../data/ukp/exnsdbis18.ukp
0.000108992
0.000106177
0.000103603
0.000101229
0.000111805
9.9592e-05
9.9195e-05
9.999e-05
9.8401e-05
9.7948e-05

../../data/ukp/exnsds12.ukp
0.00143469
0.00140299
0.00140655
0.00141504
0.00141195
0.00142768
0.00140376
0.00140388
0.0014015
0.00140481

../../data/ukp/big_instances/test3-000
0.0984274

../../data/ukp/big_instances/test4-000
3.20668

../../data/ukp/big_instances/test5-000
1.20569

