../../data/ukp/corepb.ukp
0.00132451
0.0012301
0.00120108
0.00120556
0.0012207
0.00120267
0.00122439
0.00120345
0.00119873
0.00120185

../../data/ukp/exnsd16.ukp
8.5513e-05
8.0017e-05
7.7407e-05
7.5204e-05
7.4514e-05
7.2927e-05
7.368e-05
7.2175e-05
9.8343e-05
7.1686e-05

../../data/ukp/exnsd18.ukp
7.7868e-05
7.5051e-05
7.1784e-05
7.0187e-05
6.8553e-05
6.8258e-05
6.6673e-05
6.6312e-05
6.6174e-05
6.5507e-05

../../data/ukp/exnsd20.ukp
8.5171e-05
8.0942e-05
7.8065e-05
7.6388e-05
7.4543e-05
7.4095e-05
7.344e-05
7.2549e-05
7.219e-05
7.2348e-05

../../data/ukp/exnsd26.ukp
7.8931e-05
7.5114e-05
7.217e-05
7.0277e-05
6.9097e-05
6.7841e-05
6.7704e-05
6.6802e-05
6.6389e-05
6.5462e-05

../../data/ukp/exnsdbis10.ukp
7.7478e-05
7.4511e-05
7.0734e-05
6.9367e-05
6.7874e-05
6.7218e-05
6.6038e-05
6.5794e-05
6.5196e-05
6.5056e-05

../../data/ukp/exnsdbis18.ukp
7.7494e-05
7.4251e-05
7.11e-05
6.9649e-05
6.7798e-05
6.7246e-05
6.5973e-05
6.6086e-05
6.5125e-05
6.6024e-05

../../data/ukp/exnsds12.ukp
0.000990054
0.000949816
0.000954477
0.00094751
0.000947229
0.000948839
0.000951507
0.000949651
0.00094639
0.000950382

../../data/ukp/big_instances/test3-000
0.0661196

../../data/ukp/big_instances/test4-000
1.70258

../../data/ukp/big_instances/test5-000
0.751687

