../../data/ukp/corepb.ukp
0.00141175
0.00117285
0.00138328
0.00117194
0.00112488
0.00119928
0.00119846
0.00117797
0.00112556
0.00112583

../../data/ukp/exnsd16.ukp
8.9362e-05
8.9557e-05
7.5415e-05
7.2564e-05
7.1796e-05
7.0516e-05
7.0014e-05
6.8168e-05
6.7899e-05
6.7595e-05

../../data/ukp/exnsd18.ukp
7.5414e-05
7.1819e-05
6.8435e-05
6.7257e-05
6.5792e-05
6.5415e-05
6.3975e-05
6.3475e-05
6.322e-05
6.1869e-05

../../data/ukp/exnsd20.ukp
8.1659e-05
7.718e-05
7.5829e-05
7.329e-05
7.2871e-05
7.1199e-05
7.1375e-05
7.3896e-05
6.9601e-05
6.9313e-05

../../data/ukp/exnsd26.ukp
7.6373e-05
7.3588e-05
6.9753e-05
6.8589e-05
6.5775e-05
6.5353e-05
6.4384e-05
6.3627e-05
6.3211e-05
6.258e-05

../../data/ukp/exnsdbis10.ukp
7.6689e-05
7.1743e-05
7.0069e-05
6.7813e-05
6.7201e-05
6.5871e-05
6.503e-05
6.3704e-05
6.3171e-05
6.3282e-05

../../data/ukp/exnsdbis18.ukp
8.0094e-05
7.6771e-05
7.3076e-05
7.2878e-05
7.0162e-05
6.9501e-05
6.8846e-05
6.7332e-05
6.7216e-05
6.6296e-05

../../data/ukp/exnsds12.ukp
0.00110786
0.00102172
0.000969717
0.000966479
0.00097531
0.000968674
0.000967927
0.000971739
0.000968015
0.000968318

../../data/ukp/big_instances/test3-000
0.0868141

../../data/ukp/big_instances/test4-000
1.93086

../../data/ukp/big_instances/test5-000
0.889024

