../../data/ukp/corepb.ukp
0.0230899
0.0231734
0.0236863
0.022942
0.0238438
0.0232169
0.0230806
0.0231627
0.0230663
0.0230597

../../data/ukp/exnsd16.ukp
0.00155439
0.0015465
0.00164634
0.00161105
0.00151999
0.00158782
0.00158129
0.00156261
0.00149536
0.00149674

../../data/ukp/exnsd18.ukp
0.00139392
0.00128985
0.00131419
0.0013097
0.00128953
0.00137781
0.00136938
0.00137022
0.00132908
0.00133259

../../data/ukp/exnsd20.ukp
0.00152432
0.00161027
0.00144497
0.0014656
0.00144234
0.00149294
0.00150363
0.00147156
0.0014432
0.00149414

../../data/ukp/exnsd26.ukp
0.00131583
0.00130739
0.00128138
0.00128311
0.00128176
0.00130895
0.00130289
0.00128183
0.00132953
0.00129758

../../data/ukp/exnsdbis10.ukp
0.00142567
0.00140185
0.00137264
0.00139633
0.00139588
0.00137233
0.00139902
0.00137157
0.00139893
0.00140024

../../data/ukp/exnsdbis18.ukp
0.00130418
0.00127472
0.0012775
0.00127595
0.00129886
0.00129711
0.00127438
0.00132551
0.0012722
0.00132177

../../data/ukp/exnsds12.ukp
0.0178901
0.0182781
0.0177801
0.0176511
0.0177225
0.0177788
0.0176901
0.017694
0.0180938
0.0182412

../../data/ukp/big_instances/test3-000
0.907982

../../data/ukp/big_instances/test4-000
27.8681

../../data/ukp/big_instances/test5-000
10.6046

