../../data/ukp/corepb.ukp
0.00162031
0.00154071
0.00154234
0.00155044
0.00156328
0.00156196
0.00154699
0.0015444
0.00153995
0.00154579

../../data/ukp/exnsd16.ukp
0.000129786
0.00010304
0.00010163
9.9511e-05
9.8257e-05
9.7954e-05
0.000122625
9.6139e-05
9.5998e-05
9.6142e-05

../../data/ukp/exnsd18.ukp
0.000108517
0.000105245
0.000102498
0.000101066
0.000100054
9.9528e-05
9.9173e-05
9.7958e-05
9.7851e-05
9.7327e-05

../../data/ukp/exnsd20.ukp
0.000106405
0.000103335
0.000102065
9.9175e-05
9.9064e-05
9.7798e-05
9.7289e-05
9.6511e-05
9.5819e-05
9.596e-05

../../data/ukp/exnsd26.ukp
0.00010798
0.000104078
0.000101926
0.000101489
9.8872e-05
9.8015e-05
9.7726e-05
9.7331e-05
9.6856e-05
9.5518e-05

../../data/ukp/exnsdbis10.ukp
0.000104903
0.000101297
9.8221e-05
9.7296e-05
9.6315e-05
9.5181e-05
9.4471e-05
9.4198e-05
0.000113744
9.3381e-05

../../data/ukp/exnsdbis18.ukp
0.000105868
0.000101555
9.8887e-05
9.7605e-05
9.6935e-05
0.000116329
9.4926e-05
9.4962e-05
9.5184e-05
9.3758e-05

../../data/ukp/exnsds12.ukp
0.00140587
0.00137965
0.00138272
0.00138931
0.00138243
0.00140406
0.00140285
0.00138925
0.00138061
0.00138018

../../data/ukp/big_instances/test3-000
0.0959463

../../data/ukp/big_instances/test4-000
3.17788

../../data/ukp/big_instances/test5-000
1.09954

