../../data/ukp/corepb.ukp
0.0013914
0.00137549
0.00138436
0.00137365
0.00139904
0.00139181
0.00137613
0.00139887
0.001381
0.0013751

../../data/ukp/exnsd16.ukp
9.7825e-05
9.51e-05
9.3097e-05
0.000116755
9.0687e-05
9.0708e-05
9.0362e-05
8.9419e-05
8.9238e-05
8.8973e-05

../../data/ukp/exnsd18.ukp
9.6682e-05
9.4291e-05
9.2497e-05
9.1628e-05
9.0553e-05
9.0267e-05
9.0251e-05
8.9646e-05
8.9486e-05
8.9274e-05

../../data/ukp/exnsd20.ukp
9.6582e-05
9.4841e-05
9.2506e-05
9.116e-05
9.1112e-05
0.000101791
9.9163e-05
8.9266e-05
8.9088e-05
8.924e-05

../../data/ukp/exnsd26.ukp
9.6063e-05
9.3428e-05
9.1892e-05
9.0956e-05
9.0265e-05
9.0229e-05
8.9135e-05
8.9345e-05
8.8828e-05
8.8289e-05

../../data/ukp/exnsdbis10.ukp
9.563e-05
9.2277e-05
9.0751e-05
9.0243e-05
8.9698e-05
8.8746e-05
8.8261e-05
8.7809e-05
8.7619e-05
8.7746e-05

../../data/ukp/exnsdbis18.ukp
9.5537e-05
9.341e-05
9.0971e-05
9.0303e-05
8.953e-05
8.8992e-05
0.000102417
9.848e-05
8.748e-05
8.7985e-05

../../data/ukp/exnsds12.ukp
0.00130131
0.0012782
0.00127744
0.0012478
0.00124483
0.00124582
0.00124618
0.00128823
0.00124526
0.00129162

../../data/ukp/big_instances/test3-000
0.111061

../../data/ukp/big_instances/test4-000
3.20481

../../data/ukp/big_instances/test5-000
1.24362

